7.226562503959144e-05 3. 7.226562503959144e-05 0. 0. 0. 55.6517371 37.5395694 240.09999084472656 0. 0.0 0.0 0. 0.
777.5364492187502 3. 777.5364492187502 0. 0. 0. 55.6516886 37.5395891 242.3999938964844 0. 0.2397145479917526 86.00386047363281 0. 0.
1777.5349843749998 3. 1777.5349843749998 0. 0. 0. 55.6516428 37.5396041 242.3999938964844 0. 0.2798857986927032 251.448486328125 0. 0.
2779.180248046875 3. 2779.180248046875 0. 0. 0. 55.6516091 37.5396094 242.3999938964844 0. 0.2757194936275482 246.98431396484372 0. 0.
3778.227611328125 3. 3778.227611328125 0. 0. 0. 55.6515856 37.5396302 242.3999938964844 0. 1.4433653354644775 158.98052978515625 0. 0.
4777.869701171875 3. 4777.869701171875 0. 0. 0. 55.6515674 37.5396443 242.3999938964844 0. 1.992924451828003 156.8055877685547 0. 0.
5777.747142578125 3. 5777.747142578125 0. 0. 0. 55.6515541 37.5396547 242.3999938964844 0. 1.8150737285614011 156.5291748046875 0. 0.
6777.8133046875 3. 6777.8133046875 0. 0. 0. 55.6515421 37.5396633 242.3999938964844 0. 1.6874593496322632 156.97177124023438 0. 0.
7779.085765625 3. 7779.085765625 0. 0. 0. 55.6515345 37.5396651 242.3999938964844 0. 1.4535093307495115 159.3479766845703 0. 0.
8777.684398437501 3. 8777.684398437501 0. 0. 0. 55.6515274 37.5396673 242.3999938964844 0. 1.3017195463180542 160.86767578125 0. 0.
9777.3230703125 3. 9777.3230703125 0. 0. 0. 55.651521 37.5396694 242.3999938964844 0. 1.1831122636795044 161.9877166748047 0. 0.
10778.432201171874 3. 10778.432201171874 0. 0. 0. 55.6515172 37.5396679 242.3999938964844 0. 1.032773494720459 164.2389373779297 0. 0.
11777.724681640626 3. 11777.724681640626 0. 0. 0. 55.6515149 37.5396645 242.3999938964844 0. 0.8840168118476868 167.4068145751953 0. 0.
12777.912181640624 3. 12777.912181640624 0. 0. 0. 55.6515151 37.5396611 242.3999938964844 0. 0.723560094833374 170.14382934570312 0. 0.
13777.136791015624 3. 13777.136791015624 0. 0. 0. 55.6515158 37.5396589 242.3999938964844 0. 0.5878404378890991 172.09210205078125 0. 0.
14777.97590234375 3. 14777.97590234375 0. 0. 0. 55.6515169 37.5396573 242.3999938964844 0. 0.4722371697425842 173.7084197998047 0. 0.
15778.25519921875 3. 15778.25519921875 0. 0. 0. 55.6515181 37.5396563 240.29998779296875 0. 0.3741602599620819 174.880615234375 0. 0.
16778.301341796876 3. 16778.301341796876 0. 0. 0. 55.6515189 37.5396557 240.29998779296875 0. 0.3007905483245849 175.64756774902344 0. 0.
17778.360667968747 3. 17778.360667968747 0. 0. 0. 55.6515196 37.5396556 240.29998779296875 0. 0.2424272447824478 175.65243530273438 0. 0.
18777.731273437505 3. 18777.731273437505 0. 0. 0. 55.65152 37.5396556 240.29998779296875 0. 0.1972725391387939 175.59597778320312 0. 0.
19777.423900390622 3. 19777.423900390622 0. 0. 0. 55.6515203 37.5396555 240.29998779296875 0. 0.1605821400880813 175.76809692382812 0. 0.
20776.798900390622 3. 20776.798900390622 0. 0. 0. 55.6515206 37.5396552 240.1999969482422 0. 0.131501704454422 176.75303649902344 0. 0.
21778.33527734375 3. 21778.33527734375 0. 0. 0. 55.6515208 37.5396551 240.1999969482422 0. 0.1077478677034378 177.45323181152344 0. 0.
22777.875560546883 3. 22777.875560546883 0. 0. 0. 55.6515209 37.5396549 240.1999969482422 0. 0.0880938097834587 0.0 0. 0.
23778.129466796876 3. 23778.129466796876 0. 0. 0. 55.6515212 37.5396547 240.1999969482422 0. 0.0704465582966804 0.0 0. 0.
24777.55036523437 3. 24777.55036523437 0. 0. 0. 55.6515214 37.5396545 240.1999969482422 0. 0.056704182177782 0.0 0. 0.
25778.068187499997 3. 25778.068187499997 0. 0. 0. 55.6515216 37.5396544 242.3999938964844 0. 0.044247418642044 0.0 0. 0.
26778.32673242188 3. 26778.32673242188 0. 0. 0. 55.6515217 37.5396542 242.3999938964844 0. 0.0348838381469249 0.0 0. 0.
27777.96833398437 3. 27777.96833398437 0. 0. 0. 55.6515218 37.5396541 242.3999938964844 0. 0.0286808125674724 0.0 0. 0.
28778.289867187505 3. 28778.289867187505 0. 0. 0. 55.6515219 37.5396541 242.3999938964844 0. 0.0225597247481346 0.0 0. 0.
29777.215648437497 3. 29777.215648437497 0. 0. 0. 55.6515219 37.539654 242.3999938964844 0. 0.0186128560453653 0.0 0. 0.
30778.960765625 3. 30778.960765625 0. 0. 0. 55.651522 37.539654 242.3999938964844 0. 0.0142271630465984 0.0 0. 0.
31778.036449218747 3. 31778.036449218747 0. 0. 0. 55.6515221 37.5396538 242.3999938964844 0. 0.0108131663873791 0.0 0. 0.
32777.987865234376 3. 32777.987865234376 0. 0. 0. 55.6515222 37.5396537 242.3999938964844 0. 0.0081261936575174 0.0 0. 0.
33777.816478515626 3. 33777.816478515626 0. 0. 0. 55.6515223 37.5396537 242.3999938964844 0. 0.00662521738559 0.0 0. 0.
34777.744701171876 3. 34777.744701171876 0. 0. 0. 55.6515223 37.5396536 242.3999938964844 0. 0.0062558990903198 0.0 0. 0.
35778.155101562494 3. 35778.155101562494 0. 0. 0. 55.6515225 37.5396534 242.3999938964844 0. 0.0119573473930358 0.0 0. 0.
36777.76008203125 3. 36777.76008203125 0. 0. 0. 55.6515227 37.5396532 242.3999938964844 0. 0.0206198059022426 0.0 0. 0.
37777.938304687494 3. 37777.938304687494 0. 0. 0. 55.6515229 37.539653 242.3999938964844 0. 0.0239723566919565 0.0 0. 0.
38778.49396875 3. 38778.49396875 0. 0. 0. 55.651523 37.5396491 242.3999938964844 0. 0.1513904184103012 275.8721923828125 0. 0.
39778.101390624994 3. 39778.101390624994 0. 0. 0. 55.6515212 37.5396426 242.3999938964844 0. 0.5285499095916748 238.9739227294922 0. 0.
40778.25544335937 3. 40778.25544335937 0. 0. 0. 55.6515165 37.5396196 242.3999938964844 0. 2.1899518966674805 245.99986267089844 0. 0.
41778.184398437494 3. 41778.184398437494 0. 0. 0. 55.6515084 37.5395882 242.3999938964844 0. 2.1500015258789062 243.0000762939453 0. 0.
42778.511791015626 3. 42778.511791015626 0. 0. 0. 55.6515015 37.5395574 242.3999938964844 0. 2.070502996444702 244.98745727539065 0. 0.
43779.27497460937 3. 43779.27497460937 0. 0. 0. 55.6514946 37.5395251 242.3999938964844 0. 2.3979930877685547 245.9906311035156 0. 0.
44777.83820703125 3. 44777.83820703125 0. 0. 0. 55.6514855 37.5394931 242.3999938964844 0. 2.220187902450561 242.004150390625 0. 0.
45778.26887109375 3. 45778.26887109375 0. 0. 0. 55.6514754 37.5394631 240.1999969482422 0. 2.399813652038574 242.99876403808597 0. 0.
46777.815990234376 3. 46777.815990234376 0. 0. 0. 55.6514665 37.5394303 240.1999969482422 0. 2.350001573562622 244.9999237060547 0. 0.
47778.578197265626 3. 47778.578197265626 0. 0. 0. 55.6514588 37.5393964 240.1999969482422 0. 2.359999656677246 246.99993896484372 0. 0.
48778.2088125 3. 48778.2088125 0. 0. 0. 55.6514514 37.5393612 240.1999969482422 0. 2.429997205734253 247.0 0. 0.
49777.446605468744 3. 49777.446605468744 0. 0. 0. 55.6514426 37.5393257 240.1999969482422 0. 2.4499995708465576 245.00006103515625 0. 0.
50777.42487695312 3. 50777.42487695312 0. 0. 0. 55.6514341 37.5392873 240.1999969482422 0. 2.5599966049194336 244.00003051757807 0. 0.
51778.644359375 3. 51778.644359375 0. 0. 0. 55.6514258 37.5392485 240.1999969482422 0. 2.530000925064087 244.99996948242188 0. 0.
52778.654369140626 3. 52778.654369140626 0. 0. 0. 55.6514172 37.53921 240.1999969482422 0. 2.5200002193450928 244.00003051757807 0. 0.
53779.58210351562 3. 53779.58210351562 0. 0. 0. 55.6514075 37.5391683 240.1999969482422 0. 2.9198431968688965 244.9994354248047 0. 0.
54778.96223046875 3. 54778.96223046875 0. 0. 0. 55.6513949 37.5391174 240.1999969482422 0. 3.889613389968872 241.00045776367188 0. 0.
55778.365794921876 3. 55778.365794921876 0. 0. 0. 55.6513769 37.5390422 240.1999969482422 0. 5.729905128479004 242.99986267089844 0. 0.
56778.4793203125 3. 56778.4793203125 0. 0. 0. 55.6513521 37.5389604 242.3999938964844 0. 5.999985218048096 242.0000457763672 0. 0.
57777.8465078125 3. 57777.8465078125 0. 0. 0. 55.6513294 37.538881 242.3999938964844 0. 5.643946647644043 241.0176239013672 0. 0.
58778.089671875 3. 58778.089671875 0. 0. 0. 55.6513104 37.5388002 242.3999938964844 0. 5.688877582550049 242.98753356933597 0. 0.
59778.23884179687 3. 59778.23884179687 0. 0. 0. 55.6512884 37.5387199 242.3999938964844 0. 5.7202582359313965 241.01133728027344 0. 0.
60779.02473046875 3. 60779.02473046875 0. 0. 0. 55.6512637 37.5386427 242.3999938964844 0. 5.710087776184082 241.0002899169922 0. 0.
61777.738353515626 3. 61777.738353515626 0. 0. 0. 55.6512424 37.5385728 242.3999938964844 0. 4.954421043395996 241.0148468017578 0. 0.
62778.6511953125 3. 62778.6511953125 0. 0. 0. 55.6512276 37.53852 242.3999938964844 0. 3.7671995162963863 243.02740478515625 0. 0.
63778.80134179687 3. 63778.80134179687 0. 0. 0. 55.6512248 37.5385055 240.1999969482422 0. 0.8960710763931274 243.3577423095703 0. 0.
64778.49958398438 3. 64778.49958398438 0. 0. 0. 55.6512275 37.5385125 240.1999969482422 0. 0.8884525895118713 243.1981658935547 0. 0.
65778.97101953125 3. 65778.97101953125 0. 0. 0. 55.6512306 37.5385196 240.1999969482422 0. 0.185598149895668 258.6754150390625 0. 0.
66784.72077539063 3. 66784.72077539063 0. 0. 0. 55.6512336 37.5385213 240.1999969482422 0. 0.1822066307067871 356.0154113769531 0. 0.
67777.47053125 3. 67777.47053125 0. 0. 0. 55.651235 37.5385207 240.1999969482422 0. 0.1717142462730407 351.23358154296875 0. 0.
